10000 10000 1000
5512 5043
1217 7753
4080 643
6943 4827
4675 9578
7351 4572
2339 8083
8662 9851
3829 1269
8028 748
8489 4935
2313 9461
2013 8344
3715 8914
4439 5917
6448 4246
8463 4437
957 4584
3574 280
9898 5373
3411 8223
4471 1078
2238 3533
7444 4338
9946 718
9889 1681
2878 3304
7940 7126
4397 6318
7258 739
6329 5402
2754 193
6614 6052
8028 7891
4890 9124
8181 706
1171 2988
2558 5094
5564 6422
675 8701
7942 3713
5385 1151
6297 4171
2259 1521
9758 4833
2650 5782
1786 3866
6430 4850
2356 355
6193 7989
3320 5855
9080 5387
5715 8540
4354 5447
7077 8055
5361 5987
6433 2032
3296 1026
6424 2909
8877 9111
6108 1496
5291 8728
8606 2824
5970 6203
6305 9819
8939 6952
2309 6254
6699 5323
8009 1172
872 2086
2840 8767
9937 5348
273 6825
4996 7677
5033 6259
8412 841
1251 4645
855 4014
195 6236
3801 8319
4996 5439
9747 8020
5482 4758
4948 3620
3945 9213
4855 570
6673 1214
6435 2156
8323 2036
7855 850
5947 6193
8675 8848
3453 8513
1362 5971
5983 9343
1199 4624
8729 8002
6394 258
6815 2725
4959 8269
3989 5949
9068 843
555 4779
2638 2171
5534 4546
560 5229
408 3928
6203 1437
8624 7753
6853 3601
9642 2751
305 7640
9263 2828
6064 6323
4936 2967
1404 9422
2452 7700
2492 8262
9572 9142
4748 7989
8787 7435
6659 7241
2862 585
6742 1916
771 4477
6607 8748
7219 5500
5901 8358
9344 1003
3608 3342
2142 2738
4406 515
160 6252
7678 4219
4648 9542
3901 7530
5265 9552
5246 9842
6804 7085
411 9679
4944 5243
138 9069
4595 5110
9468 8688
9595 1789
9318 865
2091 4858
9460 1569
4585 4158
4598 5212
2025 3783
2286 638
6212 5608
1610 6748
6362 5462
2502 6783
132 3720
6723 3431
3049 3401
9133 4358
7244 3239
640 2248
1501 7772
8591 6972
1983 2768
6441 7801
5065 4973
1192 1779
454 3330
9896 6767
9101 1543
6926 7923
4609 6819
4491 1620
4950 2635
9849 5458
5068 3848
2382 17
483 3712
8622 6634
331 3734
7067 2822
7601 2748
5529 9005
5260 3658
5107 8967
7686 2046
8665 572
8738 6060
8276 415
4462 8295
505 9974
6273 3473
6050 8734
1509 9391
9984 297
4464 4315
9866 4229
5277 8078
2785 114
4403 7188
5318 4697
9810 2405
8362 4186
1991 5856
7310 9855
7147 3721
8641 9984
7517 7680
3827 8302
8946 3529
1913 1694
819 2322
3925 1234
8424 450
7862 5986
9128 4970
3793 4832
4578 214
341 1560
634 8395
441 8304
525 1117
5635 4274
513 8571
2717 926
2455 5030
7515 9105
3243 2602
7676 2996
5818 2956
8871 5398
1300 1295
5451 3076
9965 6130
9074 6762
1119 5368
4770 8161
2973 9209
2956 6626
3141 2386
5820 2184
2957 6884
8316 9651
9810 8153
3741 6527
9969 9278
3759 9781
7400 3791
6484 3354
3374 1276
7851 7145
481 7249
6414 5315
2868 956
1141 7859
8310 1615
3426 5040
2153 3767
7605 1890
8222 9612
6423 4818
8861 9799
1590 4064
6073 89
3123 8338
7262 3642
1901 5748
7715 3872
9677 3257
7073 6974
4104 27
4890 9279
7486 1667
4124 7073
2101 6168
4062 9177
8014 8906
752 948
8202 2736
706 3002
9995 5293
6458 5286
7764 4083
5544 6800
7292 5233
3032 1559
1725 3904
8956 5472
6869 9095
5650 179
3728 2101
1916 3914
7956 2217
1889 771
1949 7797
4847 9645
5643 7309
2417 8607
2998 9797
1756 182
5596 5037
5532 7896
3048 7370
2966 3624
5324 3922
6923 3957
6898 2577
3707 5296
9139 6626
4544 159
6426 1707
3660 5202
5641 2938
1342 3298
2650 8447
7685 7281
6107 3691
2338 6514
1968 6522
7560 3789
3613 6714
4721 632
1355 277
2172 8868
3147 6107
1059 965
473 6194
2180 9216
903 5589
8642 1223
1272 4949
9941 548
169 1547
3727 9918
7708 8226
3787 1459
1370 544
7181 4646
2051 6509
3425 8881
8747 9567
2738 1717
1151 6894
3123 1324
8573 6272
9653 3614
8994 4110
9730 595
1468 9718
9447 9627
2304 5976
3757 4365
3771 3578
3923 709
2835 7960
6581 2744
1990 1102
1322 4811
9199 5991
9675 4825
1952 9637
4266 9993
8614 7778
5426 8715
356 7400
2443 3243
3844 8103
3356 6425
9929 6390
6387 7625
8354 3142
5802 7731
8700 5448
7217 9592
4225 6690
356 2184
1933 5934
644 9747
510 5579
6086 6064
5294 3903
757 8841
4115 4191
4152 5165
7414 1467
5460 9965
2429 6843
3986 6996
7597 3324
64 5081
5118 9077
3706 8764
1045 3945
470 2106
3325 7387
8447 4143
1438 1297
6700 9200
2824 7346
5477 1571
6647 1285
9310 6384
7383 4522
799 2871
5276 7370
3194 1774
8677 8
5746 5754
1909 4580
7255 2495
5942 8466
424 5118
6351 5458
2583 1649
110 5362
8005 8140
7588 7627
4259 2330
2790 6908
8685 4224
3909 3525
8754 3631
8851 2542
8986 3401
8301 3872
6272 8718
4962 7733
2883 747
3409 6262
4929 7043
161 534
7800 3869
9294 6157
3564 5093
3464 4078
3548 276
7731 7954
6393 4622
2814 6035
402 3316
8898 1929
2426 3840
4654 350
9557 5462
1016 7938
6635 2894
7683 2952
2243 5394
5501 4460
2683 7048
6342 5217
229 6271
2652 3205
6572 3658
3469 8003
4942 4951
591 1877
7978 9961
7181 6540
2014 1409
8500 9529
3963 6547
640 3847
3802 5596
4923 849
5444 2012
3807 5561
4292 6647
9359 8657
8700 8138
6145 2288
125 5660
3655 9093
1551 5509
422 4939
7998 6592
5369 6360
8301 7514
2003 5117
6639 8254
7340 8790
9729 4997
75 1116
9464 3139
8663 258
617 267
9816 8427
9383 2988
3309 1541
3992 1115
8564 747
5481 1260
8082 907
3698 6397
2843 1040
3163 8837
7609 468
6240 5646
9497 7423
6637 5337
3044 952
4188 6087
4721 8950
8054 3999
2042 7658
5057 1513
5912 829
3484 8590
1230 6625
8111 45
6814 4145
2826 9731
8680 4777
3525 9476
9416 5248
8887 1102
4615 9916
3764 4599
6828 4534
757 7243
6156 7067
9713 4624
3382 886
7569 6115
856 7184
3471 9893
7712 2123
4157 415
9270 5950
7150 4984
8568 6734
9110 8065
6887 663
408 7461
2480 6329
3486 125
1483 7394
1651 500
5680 9872
2079 2605
9598 4037
1491 1521
8300 6508
6243 1519
5355 6216
5910 2878
9577 6441
1833 6209
8503 8100
5723 900
3607 582
8552 755
6305 4862
4081 5800
4519 8685
138 6849
3151 6148
623 619
8040 9373
7103 3417
9111 4460
7326 1937
8240 5086
9453 8145
4115 930
5211 9379
3877 4348
3400 958
2070 5379
7492 7207
9419 1563
5950 5834
4218 6140
1131 7755
2751 5601
2987 8558
2645 6770
3934 2382
5204 5031
6971 4402
6524 6908
1263 2038
2248 1304
953 6250
2140 137
2409 6097
5747 8766
7961 8633
8695 8640
6855 4564
2726 8338
6821 5872
3950 8835
4393 4757
707 1484
2390 203
6858 7486
9899 976
8492 3134
8971 3029
5193 7176
9336 3288
3108 5081
4851 3854
2619 854
1410 3111
4000 2000
6744 9831
7264 9337
8859 7432
8685 1544
882 4604
632 2796
6247 4063
5587 6621
7003 3059
3464 200
6035 3340
460 6178
1969 3385
3307 6788
4754 8923
5717 6458
357 2815
7432 4447
7723 8383
7571 6911
156 5313
3008 6618
1391 2027
1946 754
2379 1275
4179 7686
6093 2987
4448 843
1648 8353
9879 9634
100 4570
9396 6129
6272 380
1994 4172
90 5782
1136 311
8701 351
8545 6056
9937 1154
8385 4474
9258 7816
4250 5884
2463 1920
9605 7447
2038 9342
4778 97
3883 2372
887 5998
8414 3782
2467 8350
8064 7305
7889 5904
8351 7578
8130 926
7162 792
9383 9206
3817 9010
9066 8513
6517 9152
8917 5685
1500 3781
3272 9172
2169 7543
125 8736
3190 6405
8929 7691
3787 3646
8833 5474
3304 2788
4877 8887
317 4151
4118 962
5116 8258
8730 3344
5378 8029
8399 6371
7445 1235
9009 6892
8080 5597
1610 5826
6521 5477
9968 9220
571 873
7975 7118
9091 278
221 9854
5506 4454
6815 8521
6479 7548
9221 2395
3325 484
5954 9009
1165 1363
7419 8480
6571 8231
1755 9883
4563 7523
7407 1373
3221 3349
8882 7305
264 3998
7497 2459
9033 2832
6521 235
4860 8945
3141 3778
7239 1871
7639 2618
7079 4646
5824 476
564 8291
4760 4891
5562 2028
6764 3778
177 9918
4399 5149
135 5895
5963 7434
9393 555
4180 2715
170 6679
9363 1639
791 5226
8591 9025
1314 5118
3211 2580
6756 8555
6365 9196
8500 108
9359 2283
8427 9027
2584 9201
5996 3082
8230 6815
5550 3577
411 1419
6222 178
432 9990
3866 5204
7197 9580
9475 744
7738 8707
4435 8907
2236 3027
4187 5783
8483 1465
4204 4043
3441 5926
5854 2922
8927 106
5570 5142
6662 3046
9199 4638
7053 6327
12 3140
6883 8916
5575 9728
9236 932
9284 8817
1123 3323
9467 9256
3473 3514
573 4713
7151 7014
6547 9093
7758 9631
9863 3646
9768 875
4510 1410
5782 3314
9270 3771
5841 629
3813 2558
5876 1116
8824 4824
8469 2188
9851 1976
4269 5236
4258 3644
7708 3253
9767 5199
7004 9698
1454 3
7024 7596
3033 2434
8252 8875
410 7674
2748 6083
3871 6847
2179 3280
3367 5332
3295 176
1654 5332
8588 7464
6699 2378
9905 2635
9640 251
2581 9923
4105 5334
1939 5170
172 3284
7461 9944
2699 5177
5179 4117
8942 3981
9009 9069
5291 5838
2623 3624
6643 515
1500 226
8537 9760
1852 6028
9667 206
7715 7666
1164 5985
7245 5726
5374 8506
6419 2532
576 2397
6519 5170
7136 7584
5510 6450
2630 6146
6099 6453
7433 7519
8813 153
4215 4084
2619 3724
7348 2072
1583 813
9184 395
3434 8870
413 7836
9363 9938
1761 4065
7391 8268
7506 1799
2597 8453
2421 1701
5601 830
498 6447
9225 7488
1194 8598
5340 9262
8022 5467
8008 1658
8770 5274
1009 1172
9024 2309
1132 9816
889 2274
582 7770
2461 97
363 2976
5620 8588
412 2461
376 22
8866 6419
3023 1791
8171 9145
9323 6995
6503 2111
6443 2338
2768 8354
2779 4209
115 2006
9742 7304
6526 9971
5673 6334
7249 6723
8921 387
9879 1040
7991 4373
635 3180
8754 4747
9928 4842
7286 6045
3218 4757
1004 7340
7420 7312
4710 3783
2801 3208
2073 7117
8248 8942
8731 5842
3989 6090
555 3245
4516 2750
8884 5878
7331 2876
8831 6983
4598 7338
513 8739
6453 5566
1284 8652
1770 9246
3052 6422
5392 6086
6938 4257
2173 8577
1456 7144
513 6561
8702 1310
8418 7873
3356 2388
5612 8932
6167 4367
1356 2169
5812 9539
2487 6341
9629 4123
1909 7793
8789 6234
7050 9141
6757 2430
6494 4423
3007 2349
5009 7814
4630 4471
3163 3931
4858 6524
7762 3501
4507 8788
5229 48
3252 4098
5790 5315
5442 5703
4708 8914
5417 3038
1524 5402
3076 9458
4842 6665
6736 4302
5743 8126
900 3222
9241 246
2976 6277
3000 9900
8161 3420
9740 4607
6704 5857
5269 2394
4719 8638
2238 615
2502 9981
8760 2467
6956 9974
414 5172
7936 9361
1943 5096
9897 8522
5491 5603
6106 6173
6629 1821
2477 2690
9779 3596
7615 3752
5437 4581
8809 6304
4208 5286
9543 9204
2488 1875
2849 5386
5516 7422
3955 8184
5663 52
1561 1727
5649 1005
6115 4210
7980 4773
5274 126
8133 8461
5113 8277
2175 8707
1023 4562
4703 9715
3553 2761
360 4779
9792 4939
8543 8796
5604 4489
4446 7924
4838 725
5690 689
8656 1644
7178 4488
480 4415
623 904
1754 7400
1881 6874
5113 1446
8415 9892
