5000 5000 500
3329 3118
4789 1254
3100 1002
2482 2638
1979 2742
3497 154
2259 4299
2799 3131
648 1039
374 1330
1297 1015
4123 300
4253 4095
3725 2864
1185 922
168 2968
2449 1221
112 3528
1175 633
3823 1779
3301 294
2000 3756
303 1618
3640 1216
4411 893
4218 923
1803 659
952 4479
2659 2269
932 1739
112 1308
2090 2092
3031 4114
2003 447
1255 3291
4988 2042
2993 535
1877 4681
4222 3670
4864 2696
4737 4957
1893 2764
3603 3629
1912 2987
1323 3733
173 2490
3463 103
531 3864
2138 566
2351 2417
2108 2836
83 3975
4844 4039
3002 2759
1763 3314
4471 2673
1823 148
2450 38
1872 4327
1869 1370
105 1171
3849 4025
2218 4728
922 1054
4044 519
1377 2770
3645 3231
1153 980
1736 3333
2848 4728
3476 2331
3789 389
1487 762
2203 3910
2081 777
4270 1710
4111 1165
461 100
4008 4406
138 3081
3603 4610
2229 4674
4088 4837
81 4819
4206 430
2726 4712
2838 2564
2532 2996
3184 1076
3305 2277
2147 430
4082 2329
2751 2048
4737 1560
1175 4661
1932 4134
2679 2632
2713 1959
3368 3042
2381 2831
382 3132
682 4230
4543 2877
2790 4402
2117 1334
4062 3027
705 3340
2990 1020
2467 2893
1860 3314
1110 494
2551 2184
883 1715
675 3374
1205 652
919 2608
438 3900
2501 2865
4028 2390
1147 2203
4949 3009
3496 3932
4985 460
216 3941
1089 1933
4804 1648
2444 1464
1831 269
308 2167
2215 1549
533 3678
140 2862
4766 294
2704 4542
2 2101
1 1
5000 1
5000 5000
1 5000
5000 1
2500 2500
1 1
5000 5000
1 1
5000 5000
5000 1
1 5000
5000 1
1 5000
2 4999
3 4998
956 696
4980 1481
2585 134
653 1363
4042 859
4116 1574
1073 4594
4311 4906
4556 4767
4651 2052
613 4050
4891 1561
354 4432
1214 3436
2220 3960
4171 4759
1116 1286
4742 28
2546 4889
2444 1358
2992 2459
975 2959
2560 1295
404 4661
766 4711
230 2892
4276 764
3360 4763
46 2674
1421 1086
3041 4299
4761 3489
1693 4238
4823 4525
3732 4500
767 4789
3797 3946
2253 2257
1470 590
1959 1004
2426 1585
1018 4562
1869 425
761 4172
720 3220
303 3458
3039 3029
1304 469
3693 3274
4958 90
628 575
1905 982
3861 2704
1081 471
1395 3632
459 2726
2965 2359
1669 1474
858 1130
4537 146
1955 2871
108 1543
1284 2795
4458 1329
3904 1911
3606 789
3161 4139
2401 3399
1508 914
314 1059
314 1059
314 1059
314 1059
314 1059
314 1059
314 1059
314 1059
314 1059
314 1059
314 1059
314 1059
314 1059
314 1059
314 1059
314 1059
314 1059
314 1059
314 1059
314 1059
314 1059
314 1059
314 1059
314 1059
314 1059
314 1059
314 1059
314 1059
314 1059
314 1059
314 1059
314 1059
314 1059
314 1059
314 1059
314 1059
1654 2570
1331 1655
2212 225
3541 1624
950 4436
3130 998
2575 2461
4205 459
1094 4497
3603 3147
1427 2282
4616 3984
2596 3544
3272 1962
913 3291
4681 715
1241 1767
687 659
579 2485
499 4654
2059 1280
2827 1959
2223 2863
3705 973
1804 3857
1642 399
1522 1689
968 3241
381 4587
3718 3509
4507 1175
622 367
3433 3407
697 4241
1836 4912
1331 4878
4885 2957
3718 2274
169 1432
3279 3083
3192 1780
3286 1995
432 2892
4435 936
3066 4928
2313 1562
2570 3197
4836 73
976 3606
695 3103
3512 4079
2100 2978
4997 4053
3691 3506
4564 908
3627 2279
1379 3306
4161 4133
2155 1378
2828 3599
4704 3220
408 1923
3254 3279
3517 915
3272 85
2724 4530
3166 440
4151 1557
1900 1675
3980 2169
1876 2885
38 3227
2789 4621
177 2677
3006 1053
222 2757
351 609
3895 4668
888 2636
1953 4420
4093 3130
1019 3481
3767 4343
32 4949
158 3139
1665 3231
299 4941
2312 2098
2849 3916
4783 2445
3677 4142
3594 2895
4306 1055
1902 652
2784 178
1199 3540
3095 2789
2557 1292
2367 1952
4699 237
3209 4230
2067 3236
4593 3604
4452 2204
4920 151
4212 3815
2845 3077
3184 772
2721 2843
4557 2580
2781 1567
3085 1089
4125 492
3779 4022
3699 1406
76 3026
3938 596
4088 1370
2293 3924
3479 500
4006 2763
3894 3099
63 2767
79 235
2678 2060
3678 2019
2715 662
1448 523
1558 3865
2341 4454
1407 2027
3471 4131
1203 2193
326 30
3650 4201
1691 1421
2570 1371
4314 1579
1250 4711
2465 581
562 517
213 219
3453 2834
4587 2092
3481 2871
936 3951
2334 2123
478 1205
2551 2981
2013 4296
4759 1228
1455 3135
226 4062
4095 131
3197 4078
1220 2405
3831 962
549 2404
38 3570
3547 2203
4941 1195
4779 4111
4865 2497
3045 3763
4025 1322
3431 2610
1784 4421
1682 2349
2195 329
3866 4330
3322 4041
508 1839
2402 1360
4006 396
4519 3788
434 4789
4247 950
4870 4233
1369 4999
2002 517
814 2701
3547 4361
46 2300
290 931
2471 4079
4402 4917
4549 2854
4832 407
617 4019
3629 1836
1768 152
3086 4387
3924 1514
1789 1165
661 2001
4022 812
1498 4368
747 1850
1566 258
2559 3071
4247 3668
1925 3257
2951 2672
3618 2310
4777 4
2934 886
1270 4590
4636 4281
4466 263
1259 2626
1405 1953
1069 2648
4077 3566
1636 971
554 4750
810 934
1211 1553
2032 1501
800 2950
4854 2660
1196 4949
2982 2335
432 3959
1689 3510
1477 1002
3436 3963
4532 1073
107 827
597 2744
4205 4031
1869 1750
1774 3888
1335 2100
3066 1411
1725 3370
2513 646
759 2788
1536 4870
896 1820
4839 4723
808 3638
1393 2336
97 421
596 3299
