1000 1000
969
970
983
913
939
966
939
897
894
936
877
890
948
942
864
936
896
898
919
921
917
864
873
900
858
888
859
889
838
887
830
865
870
866
823
824
826
785
827
818
776
824
824
810
816
803
786
793
802
788
788
790
802
752
735
761
743
775
769
748
751
738
748
728
771
725
724
737
708
721
682
670
678
669
708
724
731
676
726
687
653
671
699
672
630
657
636
641
681
625
664
666
642
651
610
672
633
594
627
642
649
604
640
607
625
645
596
598
592
646
621
588
570
590
574
586
583
584
577
531
598
566
580
530
533
588
570
559
585
533
502
515
551
522
535
521
506
515
544
489
520
475
524
489
545
467
512
513
488
458
534
486
479
475
508
506
515
518
511
503
470
494
453
480
484
487
408
465
422
456
398
442
479
473
409
415
419
389
389
449
436
378
411
398
441
412
373
371
370
390
368
405
372
403
359
422
337
345
343
402
392
368
384
324
369
359
331
395
353
357
313
320
387
300
321
326
315
368
345
331
331
347
359
331
346
297
289
329
324
271
270
275
272
288
264
313
332
289
322
324
323
260
279
306
271
246
258
271
248
260
234
258
267
248
281
291
255
232
247
293
210
288
224
222
262
204
243
242
208
207
206
207
215
238
196
236
212
237
185
248
202
231
224
179
217
228
215
196
175
227
177
230
168
203
226
164
220
238
149
172
148
163
205
182
202
168
218
142
215
155
182
144
139
147
145
181
160
197
202
123
137
123
176
149
126
127
144
182
138
149
190
145
172
185
174
112
138
148
165
152
159
157
141
94
102
150
121
171
117
165
150
134
98
94
149
129
116
156
161
158
144
86
83
105
151
137
97
106
101
112
111
128
71
128
71
61
61
65
114
74
139
104
123
115
138
89
125
93
70
110
53
46
64
95
130
56
50
39
81
104
102
118
95
83
69
36
91
94
73
64
75
109
87
114
50
32
62
108
100
97
60
49
65
38
65
101
108
63
39
45
105
82
99
45
89
95
52
28
88
99
76
83
75
69
67
41
78
60
54
34
88
11
68
89
45
56
52
63
32
53
27
16
17
82
8
39
46
5
50
12
82
22
74
19
79
89
10
9
90
71
50
49
13
72
67
49
47
38
58
43
66
45
76
28
82
42
66
76
90
27
61
7
60
8
25
75
52
19
75
38
48
22
65
86
41
83
61
2
7
76
50
75
68
43
38
83
45
71
38
82
58
69
91
59
5
94
21
61
27
66
76
16
45
29
96
57
22
65
37
66
23
92
66
27
90
50
35
64
15
42
84
68
23
16
16
88
34
81
54
97
41
62
76
65
96
58
98
30
111
32
84
81
33
34
71
37
31
69
64
111
32
98
69
103
87
90
108
107
45
85
76
73
66
54
57
86
60
95
72
59
83
95
120
57
95
71
86
122
102
113
57
128
95
70
102
126
136
98
61
138
140
131
140
130
130
137
123
88
124
132
142
81
106
85
109
135
91
120
154
153
146
162
171
115
131
142
132
135
112
94
152
104
149
124
173
143
144
156
149
186
172
184
171
116
178
189
162
191
195
187
178
205
208
177
213
175
139
151
170
140
136
214
156
162
204
187
171
194
221
170
188
211
226
198
183
237
194
199
211
210
166
196
167
175
171
211
245
207
183
214
263
220
205
215
215
219
230
190
211
202
257
208
213
263
262
274
255
257
288
294
220
243
271
264
271
264
295
282
233
307
298
233
306
233
297
242
241
297
246
255
264
321
312
328
330
318
273
321
350
341
323
320
333
348
357
308
360
315
305
360
339
352
338
334
300
327
367
362
390
358
355
311
312
319
402
379
326
379
395
334
365
339
342
398
412
417
404
410
389
361
355
393
421
360
367
400
390
400
410
421
411
432
439
402
394
470
455
469
423
415
401
407
443
451
419
418
467
492
465
436
456
456
504
459
458
503
504
526
450
495
522
451
502
533
466
471
545
510
507
511
493
522
523
536
489
523
525
509
522
521
516
551
550
527
592
551
516
607
600
551
526
575
621
541
609
579
596
619
598
587
635
631
577
606
619
604
660
580
636
638
590
675
591
653
673
642
679
661
641
670
679
615
654
634
690
716
707
676
641
719
652
694
716
702
667
738
723
668
687
718
718
742
748
727
696
745
728
733
743
734
753
759
714
732
795
741
786
731
755
774
780
824
817
821
790
782
773
794
839
826
818
777
782
846
831
845
828
883
802
838
851
879
839
845
886
883
865
855
879
870
896
848
859
869
853
930
874
915
917
909
903
937
885
892
948
943
946
907
917
915
8
7
4
9
20
22
30
23
3
16
44
58
20
4
20
6
2
2
14
58
51
6
34
4
37
7
10
27
30
32
5
5
2
7
30
2
4
34
18
58
2
11
2
23
18
23
2
4
2
18
44
14
44
8
18
4
44
12
2
51
44
18
18
2
26
9
9
4
14
12
2
2
44
9
14
20
51
44
6
8
51
50
34
30
22
5
50
50
6
8
9
14
22
2
26
2
58
2
18
42
4
6
44
23
2
50
8
2
2
50
58
7
17
37
58
37
26
32
22
14
11
2
37
20
2
2
2
32
44
7
9
2
12
2
44
18
6
6
6
23
23
26
2
5
8
2
2
2
10
2
2
2
26
26
2
12
66
2
2
16
32
32
4
50
44
37
14
44
44
30
27
58
14
8
16
17
2
18
6
58
2
26
2
66
6
2
14
42
2
2
2
26
51
2
2
6
37
2
7
16
9
14
26
58
58
18
16
2
16
2
2
2
2
37
10
14
9
6
2
22
2
2
20
18
26
2
6
3
26
14
26
18
26
4
27
22
2
2
2
66
4
18
23
2
42
12
10
2
44
20
17
3
2
9
34
2
30
23
20
30
5
22
2
27
2
8
12
17
17
58
23
14
10
9
5
2
5
9
44
11
26
10
51
2
20
22
26
32
2
37
26
66
6
18
2
18
2
7
9
22
2
14
7
11
6
4
2
3
22
2
12
22
2
4
58
58
2
2
42
2
44
32
2
26
18
2
2
42
4
22
10
18
10
2
14
6
7
26
58
32
2
2
8
14
26
2
20
2
58
14
66
3
38
2
2
2
12
34
4
2
5
2
30
32
17
11
17
37
2
34
12
17
2
2
58
2
2
2
4
30
37
7
2
9
2
2
32
26
32
22
8
42
32
42
26
7
66
8
10
14
51
2
10
8
30
11
26
9
5
10
2
10
34
2
14
2
38
44
23
8
30
58
2
2
8
44
26
8
16
3
2
10
18
20
2
6
4
14
2
32
7
2
2
10
2
8
18
9
22
58
10
50
26
12
8
2
18
38
37
18
10
2
26
17
34
12
37
30
7
27
2
26
7
2
51
66
34
26
2
10
4
2
16
2
10
8
8
8
10
44
2
2
4
8
23
66
32
58
20
8
23
30
8
2
26
6
26
11
32
32
18
2
11
10
10
9
2
2
42
2
38
32
38
34
16
18
8
6
6
8
32
11
2
9
26
18
10
12
12
37
50
22
5
2
26
26
7
14
34
14
26
34
7
6
26
18
22
32
44
11
20
32
12
42
51
2
32
2
9
2
2
18
44
9
51
51
58
51
22
2
18
2
22
27
32
51
42
12
2
2
14
51
50
2
37
18
5
2
4
2
50
26
2
20
32
10
16
37
2
37
20
6
2
34
17
23
18
17
5
34
58
8
44
4
58
2
11
51
7
17
20
10
8
26
2
2
27
42
7
34
38
2
9
22
23
66
14
44
26
8
51
16
2
2
12
20
16
20
38
2
2
8
58
2
7
26
10
2
8
2
66
23
10
17
22
5
42
50
3
23
2
37
32
7
9
42
17
8
4
16
7
10
58
9
10
26
26
44
2
32
58
14
18
2
22
22
8
30
20
2
42
27
2
22
2
44
2
58
10
17
17
4
2
5
37
2
10
20
2
16
22
14
14
2
37
2
10
6
30
11
26
58
2
37
10
10
18
5
2
2
10
22
2
38
8
9
16
14
2
50
5
58
2
14
2
4
10
2
5
12
2
20
37
2
32
58
2
2
5
23
50
12
30
22
2
34
32
18
17
5
16
2
8
30
12
2
10
8
12
32
3
27
6
2
2
10
6
10
2
26
8
2
22
22
4
14
26
50
2
2
18
2
14
18
6
50
12
10
5
58
17
6
16
17
11
30
2
11
2
2
8
34
4
2
2
2
14
50
2
26
11
2
58
6
23
7
34
14
23
2
3
32
2
50
2
2
58
16
2
6
2
6
58
12
3
32
6
34
23
17
32
7
34
20
20
18
2
2
42
51
2
18
8
42
22
44
27
8
18
18
44
51
18
14
6
26
17
26
14
16
51
3
2
10
10
66
5
14
50
2
26
50
26
18
42
2
8
50
2
50
18
18
7
7
10
14
23
34
50
7
12
18
10
18
17
2
17
2
26
2
44
10
22
5
12
14
2
9
32
7
14
66
10
7
32
8
26
18
2
2
9
6
22
4
20
16
32
14
17
17
2
32
20
2
26
8
8
10
8
2
12
2
42
44
2
7
2
7
30
12
