50 100 100
31 42
9 80
1 48
9 1
34 97
22 47
49 28
50 20
46 14
48 76
3 32
13 13
30 46
34 90
14 91
37 9
36 38
18 94
15 66
31 13
9 31
46 90
1 5
33 94
15 47
31 93
3 24
50 85
12 97
18 13
17 28
24 77
16 54
44 60
42 1
28 61
12 99
1 66
7 9
23 1
26 94
31 73
23 88
35 40
3 26
19 23
26 32
27 52
11 25
28 57
7 46
24 4
27 41
35 74
25 19
24 48
16 64
13 96
34 98
14 90
30 20
1 14
5 91
40 65
27 46
9 44
33 51
39 83
32 27
26 67
5 59
13 45
42 60
17 84
38 70
8 49
13 18
33 88
1 49
6 4
42 21
35 18
34 40
30 70
33 62
44 84
24 32
48 48
25 78
48 14
2 55
16 81
2 66
27 45
1 18
18 62
9 60
31 96
25 63
24 70
