100 1000 1000
74 374
7 877
37 910
44 569
63 905
38 91
9 958
10 509
53 920
46 820
7 982
87 309
17 903
57 862
46 76
65 961
5 941
100 444
88 606
69 39
50 955
81 189
7 560
67 605
78 335
11 224
91 358
80 392
32 879
76 573
50 127
16 324
5 599
50 650
39 127
88 873
83 903
11 188
70 542
25 403
86 272
70 683
76 589
20 910
69 530
79 384
78 398
40 416
17 157
41 589
28 357
45 803
88 984
75 499
43 145
26 836
84 978
58 486
69 74
95 936
9 328
28 258
45 876
96 798
57 945
94 4
45 914
42 626
72 611
49 822
15 611
73 127
48 945
71 849
52 815
13 667
62 104
64 660
3 732
5 514
50 448
10 910
2 693
99 565
83 629
6 332
99 568
83 728
31 363
60 876
34 648
72 532
76 533
17 801
27 498
3 205
81 185
8 445
44 459
11 608
99 141
12 239
22 774
36 490
14 181
23 217
65 567
76 316
91 670
28 59
96 543
24 290
59 803
89 609
86 705
78 762
89 362
30 998
90 938
28 806
75 173
19 622
36 495
82 244
97 714
90 588
7 312
7 558
5 745
77 223
57 784
67 80
10 926
18 655
6 702
64 721
59 501
92 416
85 86
54 457
23 373
84 74
71 382
17 50
86 79
2 514
11 891
44 206
82 689
97 749
45 98
65 177
46 76
91 500
77 325
24 751
62 780
11 423
96 757
44 378
72 672
85 595
73 940
61 429
17 63
61 430
2 138
89 761
39 571
53 938
31 778
48 759
67 540
61 348
65 553
52 483
56 884
77 819
23 530
28 458
43 641
12 362
52 634
10 762
39 20
48 496
22 446
26 541
73 201
90 561
92 304
22 28
94 332
65 227
51 545
76 706
22 512
1 426
44 140
33 472
93 203
68 862
52 974
94 18
30 682
5 536
82 231
53 41
77 2
58 528
33 487
86 521
100 98
81 518
38 501
30 542
76 679
46 175
64 723
10 710
84 195
95 676
36 341
77 92
80 60
72 356
6 10
31 783
15 890
78 8
32 999
19 256
76 64
67 697
93 491
76 433
100 708
18 661
58 297
32 830
49 704
81 500
85 69
60 885
40 948
95 612
58 80
12 159
55 265
15 810
36 736
27 544
6 359
78 766
64 541
39 874
2 429
32 180
55 612
30 410
93 25
9 835
92 98
6 269
95 666
71 589
21 716
78 851
21 740
59 849
49 431
34 17
6 69
49 566
51 471
100 286
6 952
95 822
72 927
82 328
72 70
7 608
93 602
92 875
99 678
60 973
43 809
81 414
26 298
73 670
81 817
57 671
99 558
93 547
93 792
75 112
47 977
87 416
45 642
2 288
73 612
48 488
86 495
26 500
3 472
92 71
33 834
78 593
71 427
11 702
73 72
37 893
67 693
50 807
68 631
9 165
82 207
100 562
61 618
72 304
42 358
40 542
60 176
24 631
63 91
26 681
31 949
91 388
34 716
80 486
27 424
90 158
99 343
56 921
1 442
55 739
18 896
83 624
44 731
91 954
13 60
5 938
64 755
70 432
55 4
78 688
95 320
92 482
38 363
1 170
80 678
15 498
3 303
93 775
19 955
80 361
80 916
41 468
26 81
47 62
29 814
43 512
10 365
34 47
12 681
64 75
25 175
61 131
37 340
98 184
99 708
77 167
45 204
42 970
21 930
24 929
60 393
14 873
66 949
98 96
51 571
36 954
15 229
65 676
96 53
90 994
91 399
80 557
77 837
17 24
58 37
90 667
57 968
30 124
31 550
69 947
91 53
33 119
89 735
1 764
93 863
1 426
46 764
54 482
36 842
40 295
52 947
56 793
92 195
23 595
22 312
51 42
81 717
78 84
13 339
23 118
39 223
32 628
92 809
29 135
16 677
47 754
28 516
10 244
45 139
4 982
99 643
3 980
65 621
17 792
86 969
100 320
17 487
11 946
57 758
49 438
78 156
40 535
52 880
20 987
51 62
3 961
5 676
90 602
24 152
31 248
22 205
32 542
85 459
64 624
65 230
17 382
2 522
55 959
82 634
16 217
73 63
31 106
64 220
25 283
55 284
53 639
79 857
54 262
26 159
29 100
87 584
64 651
55 900
76 818
89 341
92 507
24 30
35 541
69 616
70 927
56 179
99 897
4 963
8 810
98 351
14 827
80 116
100 249
93 776
85 452
89 516
48 19
69 681
70 123
10 853
55 177
65 722
64 675
33 557
74 508
19 891
40 797
18 634
98 11
31 359
15 800
56 712
76 686
85 581
37 620
2 614
11 635
3 529
28 36
50 484
86 894
35 377
49 882
35 622
27 254
41 593
33 359
60 366
65 601
96 52
26 586
73 959
16 178
60 389
70 797
23 645
17 228
72 684
39 95
90 27
54 200
47 461
71 162
45 799
72 696
82 462
50 860
16 299
12 765
96 798
44 696
39 997
7 299
62 6
36 391
90 824
99 167
42 294
52 767
45 630
95 216
44 352
65 536
52 316
3 59
67 913
27 259
16 669
64 834
7 729
1 13
93 749
53 668
52 582
45 21
30 488
19 90
1 584
74 681
76 462
31 886
40 304
54 108
8 677
14 694
13 567
9 588
9 178
48 104
29 154
44 268
21 204
81 273
29 255
45 795
61 516
49 653
24 807
2 411
39 367
41 85
84 685
2 643
50 985
92 343
18 784
69 966
38 181
49 902
33 639
12 489
85 265
99 233
33 924
99 957
19 57
91 656
22 278
27 864
86 478
91 1
19 181
61 83
75 390
31 439
70 89
12 739
50 702
90 386
81 159
67 328
48 816
21 889
64 861
19 926
16 661
29 502
81 8
86 832
65 210
77 308
78 818
67 534
73 578
100 513
85 704
73 987
90 946
70 133
18 527
82 962
92 35
7 738
79 797
13 815
95 906
67 751
1 954
68 327
32 919
61 476
87 758
58 194
59 375
62 570
2 624
44 229
28 937
16 209
100 948
2 71
37 613
43 239
79 176
40 871
17 510
1 612
100 390
14 232
55 921
13 888
41 324
1 681
4 361
30 580
40 916
71 755
69 487
37 741
34 183
17 505
89 813
26 1
59 475
26 365
17 691
28 327
93 910
43 349
70 802
16 871
20 886
93 982
14 911
74 593
7 281
59 512
59 936
7 920
72 577
10 809
64 935
69 342
62 754
63 922
39 610
86 729
17 402
37 435
89 267
2 830
40 684
12 200
60 402
67 754
61 343
95 468
47 620
85 459
12 926
91 561
53 543
36 692
97 961
44 903
1 174
40 566
63 796
35 410
8 470
67 85
16 15
21 445
74 823
90 554
17 174
77 516
44 21
33 534
75 850
61 137
21 714
13 393
30 967
50 527
63 549
3 548
68 754
15 248
36 888
15 589
20 815
30 609
5 242
94 905
76 4
36 87
89 88
53 596
50 65
4 501
74 551
54 83
24 64
7 751
19 377
44 577
60 552
82 753
50 620
95 52
82 119
79 284
96 463
36 135
38 863
67 224
40 446
67 180
60 682
72 158
65 93
10 475
31 641
10 673
52 312
73 836
23 845
90 999
73 380
81 55
3 847
46 665
35 911
50 147
68 942
68 886
48 91
56 258
51 8
96 425
11 459
45 942
21 860
13 847
70 998
57 525
45 600
10 488
12 843
35 671
43 899
80 605
89 386
30 186
30 88
40 65
29 938
1 165
11 729
80 896
57 214
8 298
2 239
35 82
48 552
79 6
96 82
21 473
62 537
1 163
36 9
6 734
100 631
75 604
80 748
68 654
80 25
60 460
60 516
11 672
72 294
2 295
87 551
38 74
80 138
90 832
20 925
44 894
31 469
66 332
55 950
33 150
48 442
16 968
54 101
3 846
6 814
63 45
51 656
93 607
55 75
99 927
6 367
68 409
64 357
41 188
58 325
43 318
51 540
78 539
44 475
57 470
8 57
37 850
29 819
6 493
70 975
95 275
88 867
33 951
30 450
23 306
63 79
67 762
83 75
19 366
91 565
49 332
86 690
48 28
38 736
58 462
36 796
8 789
76 663
49 48
93 42
75 575
54 475
26 528
68 361
3 534
3 841
37 550
81 726
49 169
92 569
75 524
91 891
12 764
90 985
89 696
62 523
62 213
51 376
53 119
48 747
72 876
69 49
29 257
77 326
72 454
33 314
26 81
76 428
86 266
36 722
83 467
99 845
86 206
92 85
75 998
59 101
41 673
2 774
96 466
71 358
57 643
99 418
79 96
88 574
13 632
14 169
89 479
35 260
69 406
24 597
53 440
61 417
72 898
37 401
76 373
100 707
79 937
68 741
86 990
33 736
25 483
89 317
87 738
97 474
97 678
68 504
17 120
92 316
32 248
16 756
52 490
77 498
34 530
68 120
41 951
87 664
81 478
86 146
36 672
47 683
9 600
79 970
79 865
4 682
16 89
67 887
24 412
21 699
49 236
12 580
89 173
80 729
24 254
13 14
1 5
35 985
18 972
94 121
82 7
74 398
84 665
